688, 688, 688, 688, 688, 688, 688, 688, 688, 688, 688, 688, 688, 688, 688, 688, 688, 688, 688, 688, 688, 688, 688, 688, 688, 688, 688, 688, 688, 688, 688, 688, 688, 688, 688, 688, 688, 688, 688, 688, 688, 688, 688, 688, 688, 688, 688, 1427, 1427, 1427, 1427, 1427, 688, 688, 688, 688, 688, 688, 688, 688, 688, 688, 688, 688, 688, 688, 688, 688, 688, 688, 688, 688, 688, 688, 688, 688, 688, 688, 688, 688, 688, 688, 688, 688, 688, 688, 688, 688, 688, 688,
688, 688, 688, 688, 688, 688, 688, 688, 688, 688, 688, 688, 688, 688, 688, 688, 688, 688, 688, 688, 688, 688, 688, 688, 688, 688, 688, 688, 688, 688, 688, 688, 688, 688, 688, 688, 688, 688, 688, 688, 688, 688, 688, 688, 688, 688, 688, 1427, 1427, 1427, 1427, 1427, 688, 688, 688, 688, 688, 688, 688, 688, 688, 688, 688, 688, 688, 688, 688, 688, 688, 688, 688, 688, 688, 688, 688, 688, 688, 688, 688, 688, 688, 688, 688, 688, 688, 688, 688, 688, 688, 688,
688, 688, 688, 688, 688, 688, 688, 688, 688, 688, 688, 688, 688, 688, 688, 688, 688, 688, 688, 688, 688, 688, 688, 688, 688, 688, 688, 688, 688, 688, 688, 688, 688, 688, 688, 688, 688, 688, 688, 688, 688, 688, 688, 688, 688, 688, 688, 1427, 1427, 1427, 1427, 1427, 688, 688, 688, 688, 688, 688, 688, 688, 688, 688, 688, 688, 688, 688, 688, 688, 688, 688, 688, 688, 688, 688, 688, 688, 688, 688, 688, 688, 688, 688, 688, 688, 688, 688, 688, 688, 688, 688,
688, 688, 688, 688, 688, 688, 688, 688, 688, 688, 688, 688, 688, 688, 688, 688, 688, 688, 688, 688, 688, 688, 688, 688, 688, 688, 688, 688, 688, 688, 688, 688, 688, 688, 688, 688, 688, 688, 688, 688, 688, 688, 688, 688, 688, 688, 688, 1427, 1427, 1427, 1427, 1427, 688, 688, 688, 688, 688, 688, 688, 688, 688, 688, 688, 688, 688, 688, 688, 688, 688, 688, 688, 688, 688, 688, 688, 688, 688, 688, 688, 688, 688, 688, 688, 688, 688, 688, 688, 688, 688, 688,
688, 688, 688, 688, 688, 688, 688, 688, 688, 688, 688, 688, 688, 688, 688, 688, 688, 688, 688, 688, 688, 688, 688, 688, 688, 688, 688, 688, 688, 688, 688, 688, 688, 688, 688, 688, 688, 688, 688, 688, 688, 688, 688, 688, 688, 688, 688, 1427, 1427, 1427, 1427, 1427, 688, 688, 688, 688, 688, 688, 688, 688, 688, 688, 688, 688, 688, 688, 688, 688, 688, 688, 688, 688, 688, 688, 688, 688, 688, 688, 688, 688, 688, 688, 688, 688, 688, 688, 688, 688, 688, 688,
688, 688, 688, 688, 688, 688, 688, 688, 688, 688, 688, 688, 688, 688, 688, 688, 688, 688, 688, 688, 688, 688, 688, 688, 688, 688, 688, 688, 688, 688, 688, 688, 688, 688, 688, 688, 688, 688, 688, 688, 688, 688, 688, 688, 688, 688, 688, 1427, 1427, 1427, 1427, 1427, 688, 688, 688, 688, 688, 688, 688, 688, 688, 688, 688, 688, 688, 688, 688, 688, 688, 688, 688, 688, 688, 688, 688, 688, 688, 688, 688, 688, 688, 688, 688, 688, 688, 688, 688, 688, 688, 688,
688, 688, 688, 688, 688, 688, 688, 688, 688, 688, 688, 688, 688, 688, 688, 688, 688, 688, 688, 688, 688, 688, 688, 688, 688, 688, 688, 688, 688, 688, 688, 688, 688, 688, 688, 688, 688, 688, 688, 688, 688, 688, 688, 688, 688, 688, 688, 1427, 1427, 1427, 1427, 1427, 688, 688, 688, 688, 688, 688, 688, 688, 688, 688, 688, 688, 688, 688, 688, 688, 688, 688, 688, 688, 688, 688, 688, 688, 688, 688, 688, 688, 688, 688, 688, 688, 688, 688, 688, 688, 688, 688,
688, 688, 688, 688, 688, 688, 688, 688, 688, 688, 688, 688, 688, 688, 688, 688, 688, 688, 688, 688, 688, 688, 688, 688, 688, 688, 688, 688, 688, 688, 688, 688, 688, 688, 688, 688, 688, 688, 688, 688, 688, 688, 688, 688, 688, 688, 688, 1427, 1427, 1427, 1427, 1427, 688, 688, 688, 688, 688, 688, 688, 688, 688, 688, 688, 688, 688, 688, 688, 688, 688, 688, 688, 688, 688, 688, 688, 688, 688, 688, 688, 688, 688, 688, 688, 688, 688, 688, 688, 688, 688, 688,
688, 688, 688, 688, 688, 688, 688, 688, 688, 688, 688, 688, 688, 688, 688, 688, 688, 688, 688, 688, 688, 688, 688, 688, 688, 688, 688, 688, 688, 688, 688, 688, 688, 688, 688, 688, 688, 688, 688, 688, 688, 688, 688, 688, 688, 688, 688, 1427, 1427, 1427, 1427, 1427, 688, 688, 688, 688, 688, 688, 688, 688, 688, 688, 688, 688, 688, 688, 688, 688, 688, 688, 688, 688, 688, 688, 688, 688, 688, 688, 688, 688, 688, 688, 688, 688, 688, 688, 688, 688, 688, 688,
688, 688, 688, 688, 688, 688, 688, 688, 688, 688, 688, 688, 688, 688, 688, 688, 688, 688, 688, 688, 688, 688, 688, 688, 688, 688, 688, 688, 688, 688, 688, 688, 688, 688, 688, 688, 688, 688, 688, 688, 688, 688, 688, 688, 831, 831, 831, 1427, 1427, 1427, 1427, 1427, 688, 688, 688, 688, 688, 688, 688, 688, 688, 688, 688, 688, 688, 688, 688, 688, 688, 688, 688, 688, 688, 688, 688, 688, 688, 688, 688, 688, 688, 688, 688, 688, 688, 688, 688, 688, 688, 688,
688, 688, 688, 688, 688, 688, 688, 688, 688, 688, 688, 688, 688, 688, 688, 688, 688, 688, 688, 688, 688, 688, 688, 688, 688, 688, 688, 688, 688, 688, 688, 688, 688, 688, 688, 688, 688, 688, 688, 688, 688, 688, 688, 688, 831, 831, 831, 1427, 1427, 1427, 1427, 1427, 688, 688, 688, 688, 688, 688, 688, 688, 688, 688, 688, 688, 688, 688, 688, 688, 688, 688, 688, 688, 688, 688, 688, 688, 688, 688, 688, 688, 688, 688, 688, 688, 688, 688, 688, 688, 688, 688,
688, 688, 688, 688, 688, 688, 688, 688, 688, 688, 688, 688, 688, 688, 688, 688, 688, 688, 688, 688, 688, 688, 688, 688, 688, 688, 688, 688, 688, 688, 688, 688, 688, 688, 688, 688, 688, 688, 688, 688, 688, 688, 688, 688, 831, 831, 831, 1427, 1427, 1427, 1427, 1427, 688, 688, 688, 688, 688, 688, 688, 688, 688, 688, 688, 688, 688, 688, 688, 688, 688, 688, 688, 688, 688, 688, 688, 688, 688, 688, 688, 688, 688, 688, 688, 688, 688, 688, 688, 688, 688, 688,
688, 688, 688, 688, 688, 688, 688, 688, 688, 688, 688, 688, 688, 688, 688, 688, 688, 688, 688, 688, 688, 688, 688, 688, 688, 688, 688, 688, 688, 688, 688, 688, 688, 688, 688, 688, 688, 688, 688, 688, 688, 688, 688, 688, 688, 688, 688, 1427, 1427, 1427, 1427, 1427, 688, 688, 688, 688, 688, 688, 688, 688, 688, 688, 688, 688, 688, 688, 688, 688, 688, 688, 688, 688, 688, 688, 688, 688, 688, 688, 688, 688, 688, 688, 688, 688, 688, 688, 688, 688, 688, 688,
688, 688, 688, 688, 688, 688, 688, 688, 688, 688, 688, 688, 688, 688, 688, 688, 688, 688, 688, 688, 688, 688, 688, 688, 688, 688, 688, 688, 688, 688, 688, 688, 688, 688, 688, 688, 688, 688, 688, 688, 688, 688, 688, 688, 688, 688, 688, 1427, 1427, 1427, 1427, 1427, 688, 688, 688, 688, 688, 688, 688, 688, 688, 688, 688, 688, 688, 688, 688, 688, 688, 688, 688, 688, 688, 688, 688, 688, 688, 688, 688, 688, 688, 688, 688, 688, 688, 688, 688, 688, 688, 688,
688, 688, 688, 688, 688, 688, 688, 688, 688, 688, 688, 688, 688, 688, 688, 688, 688, 688, 688, 688, 688, 688, 688, 688, 688, 688, 688, 688, 688, 688, 688, 688, 688, 688, 688, 688, 688, 688, 688, 688, 688, 688, 688, 688, 688, 688, 688, 1427, 1427, 1427, 1427, 1427, 688, 688, 688, 688, 688, 688, 688, 688, 688, 688, 688, 688, 688, 688, 688, 688, 688, 688, 688, 688, 688, 688, 688, 688, 688, 688, 688, 688, 688, 688, 688, 688, 688, 688, 688, 688, 688, 688,
688, 688, 688, 688, 688, 688, 688, 688, 688, 688, 688, 688, 688, 688, 688, 688, 688, 688, 688, 688, 688, 688, 688, 688, 688, 688, 688, 688, 688, 688, 688, 688, 688, 688, 688, 688, 688, 688, 688, 688, 688, 688, 688, 688, 688, 688, 688, 1427, 1427, 1427, 1427, 1427, 688, 688, 688, 688, 688, 688, 688, 688, 688, 688, 688, 688, 688, 688, 688, 688, 688, 688, 688, 688, 688, 688, 688, 688, 688, 688, 688, 688, 688, 688, 688, 688, 688, 688, 688, 688, 688, 688,
688, 688, 688, 688, 688, 688, 688, 688, 688, 688, 688, 688, 688, 688, 688, 688, 688, 688, 688, 688, 688, 688, 688, 688, 688, 688, 688, 688, 688, 688, 688, 688, 688, 688, 688, 688, 688, 688, 688, 688, 688, 688, 688, 688, 688, 688, 688, 1427, 1427, 1427, 1427, 1427, 688, 688, 688, 688, 688, 688, 688, 688, 688, 688, 688, 688, 688, 688, 688, 688, 688, 688, 688, 688, 688, 688, 688, 688, 688, 688, 688, 688, 688, 688, 688, 688, 688, 688, 688, 688, 688, 688,
688, 688, 688, 688, 688, 688, 688, 688, 688, 688, 688, 688, 688, 688, 688, 688, 688, 688, 688, 688, 688, 688, 688, 688, 688, 688, 688, 688, 688, 688, 688, 688, 688, 688, 688, 688, 688, 688, 688, 688, 688, 688, 688, 688, 688, 688, 688, 1427, 1427, 1427, 1427, 1427, 688, 688, 688, 688, 688, 688, 688, 688, 688, 688, 688, 688, 688, 688, 688, 688, 688, 688, 688, 688, 688, 688, 688, 688, 688, 688, 688, 688, 688, 688, 688, 688, 688, 688, 688, 688, 688, 688,
688, 688, 688, 688, 688, 688, 688, 688, 688, 688, 688, 688, 688, 688, 688, 688, 688, 688, 688, 688, 688, 688, 688, 688, 688, 688, 688, 688, 688, 688, 688, 688, 688, 688, 688, 688, 688, 688, 688, 688, 688, 688, 688, 688, 831, 831, 831, 1427, 1427, 1427, 1427, 1427, 688, 688, 688, 688, 688, 688, 688, 688, 688, 688, 688, 688, 688, 688, 688, 688, 688, 688, 688, 688, 688, 688, 688, 688, 688, 688, 688, 688, 688, 688, 688, 688, 688, 688, 688, 688, 688, 688,
688, 688, 688, 688, 688, 688, 688, 688, 688, 688, 688, 688, 688, 688, 688, 688, 688, 688, 688, 688, 688, 688, 688, 688, 688, 688, 688, 688, 688, 688, 688, 688, 688, 688, 688, 688, 688, 688, 688, 688, 688, 688, 688, 688, 831, 831, 831, 1427, 1427, 1427, 1427, 1427, 688, 688, 688, 688, 688, 688, 688, 688, 688, 688, 688, 688, 688, 688, 688, 688, 688, 688, 688, 688, 688, 688, 688, 688, 688, 688, 688, 688, 688, 688, 688, 688, 688, 688, 688, 688, 688, 688,
688, 688, 688, 688, 688, 688, 688, 688, 688, 688, 688, 688, 688, 688, 688, 688, 688, 688, 688, 688, 688, 688, 688, 688, 688, 688, 688, 688, 688, 688, 688, 688, 688, 688, 688, 688, 688, 688, 688, 688, 688, 688, 688, 688, 831, 831, 831, 1427, 1427, 1427, 1427, 1427, 688, 688, 688, 688, 688, 688, 688, 688, 688, 688, 688, 688, 688, 688, 688, 688, 688, 688, 688, 688, 688, 688, 688, 688, 688, 688, 688, 688, 688, 688, 688, 688, 688, 688, 688, 688, 688, 688,
688, 688, 688, 688, 688, 688, 688, 688, 688, 688, 688, 688, 688, 688, 688, 688, 688, 688, 688, 688, 688, 688, 688, 688, 688, 688, 688, 688, 688, 688, 688, 688, 688, 688, 688, 688, 688, 688, 688, 688, 688, 688, 688, 688, 688, 688, 688, 1427, 1427, 1427, 1427, 1427, 831, 831, 831, 688, 688, 688, 688, 688, 688, 688, 688, 688, 688, 688, 688, 688, 688, 688, 688, 688, 688, 688, 688, 688, 688, 688, 688, 688, 688, 688, 688, 688, 688, 688, 688, 688, 688, 688,
688, 688, 688, 688, 688, 688, 688, 688, 688, 688, 688, 688, 688, 688, 688, 688, 688, 688, 688, 688, 688, 688, 688, 688, 688, 688, 688, 688, 688, 688, 688, 688, 688, 688, 688, 688, 688, 688, 688, 688, 688, 688, 688, 688, 688, 688, 688, 1427, 1427, 1427, 1427, 1427, 831, 831, 831, 688, 688, 688, 688, 688, 688, 688, 688, 688, 688, 688, 688, 688, 688, 688, 688, 688, 688, 688, 688, 688, 688, 688, 688, 688, 688, 688, 688, 688, 688, 688, 688, 688, 688, 688,
688, 688, 688, 688, 688, 688, 688, 688, 688, 688, 688, 688, 688, 688, 688, 688, 688, 688, 688, 688, 688, 688, 688, 688, 688, 688, 688, 688, 688, 688, 688, 688, 688, 688, 688, 688, 688, 688, 688, 688, 688, 688, 688, 688, 688, 688, 688, 1427, 1427, 1427, 1427, 1427, 831, 831, 831, 688, 688, 688, 688, 688, 688, 688, 688, 688, 688, 688, 688, 688, 688, 688, 688, 688, 688, 688, 688, 688, 688, 688, 688, 688, 688, 688, 688, 688, 688, 688, 688, 688, 688, 688,
688, 688, 688, 688, 688, 688, 688, 688, 688, 688, 688, 688, 688, 688, 688, 688, 688, 688, 688, 688, 688, 688, 688, 688, 688, 688, 688, 688, 688, 688, 688, 688, 688, 688, 688, 688, 688, 688, 688, 688, 688, 688, 688, 688, 688, 688, 688, 1427, 1427, 1427, 1427, 1427, 688, 688, 688, 688, 688, 688, 688, 688, 688, 688, 688, 688, 688, 688, 688, 688, 688, 688, 688, 688, 688, 688, 688, 688, 688, 688, 688, 688, 688, 688, 688, 688, 688, 688, 688, 688, 688, 688,
688, 688, 688, 688, 688, 688, 688, 688, 688, 688, 688, 688, 688, 688, 688, 688, 688, 688, 688, 688, 688, 688, 688, 688, 688, 688, 688, 688, 688, 688, 688, 688, 688, 688, 688, 688, 688, 688, 688, 688, 688, 688, 688, 688, 688, 688, 688, 1427, 1427, 1427, 1427, 1427, 688, 688, 688, 688, 688, 688, 688, 688, 688, 688, 688, 688, 688, 688, 688, 688, 688, 688, 688, 688, 688, 688, 688, 688, 688, 688, 688, 688, 688, 688, 688, 688, 688, 688, 688, 688, 688, 688,
688, 688, 688, 688, 688, 688, 688, 688, 688, 688, 688, 688, 688, 688, 688, 688, 688, 688, 688, 688, 688, 688, 688, 688, 688, 1427, 1427, 1427, 1427, 1427, 1427, 1427, 1427, 1427, 1427, 1427, 1427, 1427, 1427, 1427, 1427, 1427, 1427, 1427, 1427, 1427, 1427, 1427, 1427, 1427, 1427, 1427, 1427, 1427, 1427, 1427, 1427, 1427, 1427, 1427, 1427, 1427, 1427, 1427, 1427, 1427, 1427, 1427, 1427, 1427, 1427, 1427, 1427, 1427, 1427, 688, 688, 688, 688, 688, 688, 688, 688, 688, 688, 688, 688, 688, 688, 688,
688, 688, 688, 688, 688, 688, 688, 688, 688, 688, 688, 688, 688, 688, 688, 688, 688, 688, 688, 688, 688, 688, 688, 688, 688, 1427, 1427, 1427, 1427, 1427, 1427, 1427, 1427, 1427, 1427, 1427, 1427, 1427, 1427, 1427, 1427, 1427, 1427, 1427, 1427, 1427, 1427, 1427, 1427, 1427, 1427, 1427, 1427, 1427, 1427, 1427, 1427, 1427, 1427, 1427, 1427, 1427, 1427, 1427, 1427, 1427, 1427, 1427, 1427, 1427, 1427, 1427, 1427, 1427, 1427, 688, 688, 688, 688, 688, 688, 688, 688, 688, 688, 688, 688, 688, 688, 688,
688, 688, 688, 688, 688, 688, 688, 688, 688, 688, 688, 688, 688, 688, 688, 688, 688, 688, 688, 688, 688, 688, 688, 688, 688, 1427, 1427, 1427, 1427, 1427, 1427, 1427, 1427, 1427, 1427, 1427, 1427, 1427, 1427, 1427, 1427, 1427, 1427, 1427, 1427, 1427, 1427, 1427, 1427, 1427, 1427, 1427, 1427, 1427, 1427, 1427, 1427, 1427, 1427, 1427, 1427, 1427, 1427, 1427, 1427, 1427, 1427, 1427, 1427, 1427, 1427, 1427, 1427, 1427, 1427, 688, 688, 688, 688, 688, 688, 688, 688, 688, 688, 688, 688, 688, 688, 688,
688, 688, 688, 688, 688, 688, 688, 688, 688, 688, 688, 688, 688, 688, 688, 688, 688, 688, 688, 688, 688, 688, 688, 688, 688, 1427, 1427, 1427, 1427, 1427, 1427, 1427, 1427, 1427, 1427, 1427, 1427, 1427, 1427, 1427, 1427, 1427, 1427, 1427, 1427, 1427, 1427, 1427, 1427, 1427, 1427, 1427, 1427, 1427, 1427, 1427, 1427, 1427, 1427, 1427, 1427, 1427, 1427, 1427, 1427, 1427, 1427, 1427, 1427, 1427, 1427, 1427, 1427, 1427, 1427, 688, 688, 688, 688, 688, 688, 688, 688, 688, 688, 688, 688, 688, 688, 688,
688, 688, 688, 688, 688, 688, 688, 688, 688, 688, 688, 688, 688, 688, 688, 688, 688, 688, 688, 688, 688, 688, 688, 688, 688, 1427, 1427, 1427, 1427, 1427, 1427, 1427, 1427, 1427, 1427, 1427, 1427, 1427, 1427, 1427, 1427, 1427, 1427, 1427, 1427, 1427, 1427, 1427, 1427, 1427, 1427, 1427, 1427, 1427, 1427, 1427, 1427, 1427, 1427, 1427, 1427, 1427, 1427, 1427, 1427, 1427, 1427, 1427, 1427, 1427, 1427, 1427, 1427, 1427, 1427, 688, 688, 688, 688, 688, 688, 688, 688, 688, 688, 688, 688, 688, 688, 688,
688, 688, 688, 688, 688, 688, 688, 688, 688, 688, 688, 688, 688, 688, 688, 688, 688, 688, 688, 688, 688, 688, 688, 688, 688, 1427, 1427, 1427, 1427, 1427, 1427, 688, 688, 688, 688, 688, 688, 688, 688, 688, 688, 688, 688, 688, 688, 688, 688, 688, 688, 688, 688, 688, 688, 688, 688, 688, 688, 688, 688, 688, 688, 688, 688, 688, 688, 688, 688, 688, 688, 1427, 1427, 1427, 1427, 1427, 1427, 688, 688, 688, 688, 688, 688, 688, 688, 688, 688, 688, 688, 688, 688, 688,
688, 688, 688, 688, 688, 688, 688, 688, 688, 688, 688, 688, 688, 688, 688, 688, 688, 688, 688, 688, 688, 688, 688, 688, 688, 1427, 1427, 1427, 1427, 1427, 1427, 688, 688, 688, 688, 688, 688, 688, 688, 688, 688, 688, 688, 688, 688, 688, 688, 688, 688, 688, 688, 688, 688, 688, 688, 688, 688, 688, 688, 688, 688, 688, 688, 688, 688, 688, 688, 688, 688, 1427, 1427, 1427, 1427, 1427, 1427, 688, 688, 688, 688, 688, 688, 688, 688, 688, 688, 688, 688, 688, 688, 688,
688, 688, 688, 688, 688, 688, 688, 688, 688, 688, 688, 688, 688, 688, 688, 688, 688, 688, 688, 688, 688, 688, 688, 688, 688, 1427, 1427, 1427, 1427, 1427, 1427, 688, 688, 688, 688, 688, 688, 688, 688, 688, 688, 688, 688, 688, 688, 688, 688, 688, 688, 688, 688, 688, 688, 688, 688, 688, 688, 688, 688, 688, 688, 688, 688, 688, 688, 688, 688, 688, 688, 1427, 1427, 1427, 1427, 1427, 1427, 688, 688, 688, 688, 688, 688, 688, 688, 688, 688, 688, 688, 688, 688, 688,
688, 688, 688, 688, 688, 688, 688, 688, 688, 688, 688, 688, 688, 688, 688, 688, 688, 688, 688, 688, 688, 688, 688, 688, 688, 1427, 1427, 1427, 1427, 1427, 1427, 688, 688, 688, 688, 688, 688, 688, 688, 688, 688, 688, 688, 688, 688, 688, 688, 688, 688, 688, 688, 688, 688, 688, 688, 688, 688, 688, 688, 688, 688, 688, 688, 688, 688, 688, 688, 688, 688, 1427, 1427, 1427, 1427, 1427, 1427, 688, 688, 688, 688, 688, 688, 688, 688, 688, 688, 688, 688, 688, 688, 688,
688, 688, 688, 688, 688, 688, 688, 688, 688, 688, 688, 688, 688, 688, 688, 688, 688, 688, 688, 688, 688, 688, 688, 688, 688, 1427, 1427, 1427, 1427, 1427, 1427, 688, 688, 688, 688, 688, 688, 688, 688, 688, 688, 688, 688, 688, 688, 688, 688, 688, 688, 688, 688, 688, 688, 688, 688, 688, 688, 688, 688, 688, 688, 688, 688, 688, 688, 688, 688, 688, 688, 1427, 1427, 1427, 1427, 1427, 1427, 688, 688, 688, 688, 688, 688, 688, 688, 688, 688, 688, 688, 688, 688, 688,
688, 688, 688, 688, 688, 688, 688, 688, 688, 688, 688, 688, 688, 688, 688, 688, 688, 688, 688, 688, 688, 688, 688, 688, 688, 1427, 1427, 1427, 1427, 1427, 1427, 688, 688, 688, 688, 688, 688, 688, 688, 688, 688, 688, 688, 688, 688, 688, 688, 688, 688, 688, 688, 688, 688, 688, 688, 688, 688, 688, 688, 688, 688, 688, 688, 688, 688, 688, 688, 688, 688, 1427, 1427, 1427, 1427, 1427, 1427, 688, 688, 688, 688, 688, 688, 688, 688, 688, 688, 688, 688, 688, 688, 688,
688, 688, 688, 688, 688, 688, 688, 688, 688, 688, 688, 688, 688, 688, 688, 688, 688, 688, 688, 688, 688, 688, 688, 688, 688, 1427, 1427, 1427, 1427, 1427, 1427, 688, 688, 688, 688, 688, 688, 688, 688, 688, 688, 688, 688, 688, 688, 688, 688, 688, 688, 688, 688, 688, 688, 688, 688, 688, 688, 688, 688, 688, 688, 688, 688, 688, 688, 688, 688, 688, 688, 1427, 1427, 1427, 1427, 1427, 1427, 688, 688, 688, 688, 688, 688, 688, 688, 688, 688, 688, 688, 688, 688, 688,
688, 688, 688, 688, 688, 688, 688, 688, 688, 688, 688, 688, 688, 688, 688, 688, 688, 688, 688, 688, 688, 688, 688, 688, 688, 1427, 1427, 1427, 1427, 1427, 1427, 688, 688, 688, 688, 688, 688, 688, 688, 688, 688, 688, 688, 688, 688, 688, 688, 688, 688, 688, 688, 688, 688, 688, 688, 688, 688, 688, 688, 688, 688, 688, 688, 688, 688, 688, 688, 688, 688, 1427, 1427, 1427, 1427, 1427, 1427, 688, 688, 688, 688, 688, 688, 688, 688, 688, 688, 688, 688, 688, 688, 688,
688, 688, 688, 688, 688, 688, 688, 688, 688, 688, 688, 688, 688, 688, 688, 688, 688, 688, 688, 688, 688, 688, 688, 688, 688, 1427, 1427, 1427, 1427, 1427, 1427, 688, 688, 688, 688, 688, 688, 688, 688, 688, 688, 688, 688, 688, 688, 688, 688, 688, 688, 688, 688, 688, 688, 688, 688, 688, 688, 688, 688, 688, 688, 688, 688, 688, 688, 688, 688, 688, 688, 1427, 1427, 1427, 1427, 1427, 1427, 688, 688, 688, 688, 688, 688, 688, 688, 688, 688, 688, 688, 688, 688, 688,
688, 688, 688, 688, 688, 688, 688, 688, 688, 688, 688, 688, 688, 688, 688, 688, 688, 688, 688, 688, 688, 688, 688, 688, 688, 1427, 1427, 1427, 1427, 1427, 1427, 688, 688, 688, 688, 688, 688, 688, 688, 688, 688, 688, 688, 688, 688, 688, 688, 688, 688, 688, 688, 688, 688, 688, 688, 688, 688, 688, 688, 688, 688, 688, 688, 688, 688, 688, 688, 688, 688, 1427, 1427, 1427, 1427, 1427, 1427, 688, 688, 688, 688, 688, 688, 688, 688, 688, 688, 688, 688, 688, 688, 688,
688, 688, 688, 688, 688, 688, 688, 688, 688, 688, 688, 688, 688, 688, 688, 688, 688, 688, 688, 688, 688, 688, 688, 688, 688, 1427, 1427, 1427, 1427, 1427, 1427, 688, 688, 688, 688, 688, 688, 688, 688, 688, 688, 688, 688, 688, 688, 688, 688, 688, 688, 688, 688, 688, 688, 688, 688, 688, 688, 688, 688, 688, 688, 688, 688, 688, 688, 688, 688, 688, 688, 1427, 1427, 1427, 1427, 1427, 1427, 688, 688, 688, 688, 688, 688, 688, 688, 688, 688, 688, 688, 688, 688, 688,
688, 688, 688, 688, 688, 688, 688, 688, 688, 688, 688, 688, 688, 688, 688, 688, 688, 688, 688, 688, 688, 688, 688, 688, 688, 1427, 1427, 1427, 1427, 1427, 1427, 688, 688, 688, 688, 688, 688, 688, 688, 688, 688, 688, 688, 688, 688, 688, 688, 688, 688, 688, 688, 688, 688, 688, 688, 688, 688, 688, 688, 688, 688, 688, 688, 688, 688, 688, 688, 688, 688, 1427, 1427, 1427, 1427, 1427, 1427, 688, 688, 688, 688, 688, 688, 688, 688, 688, 688, 688, 688, 688, 688, 688,
688, 688, 688, 688, 688, 688, 688, 688, 688, 688, 688, 688, 688, 688, 688, 688, 688, 688, 688, 688, 688, 688, 688, 688, 688, 1427, 1427, 1427, 1427, 1427, 1427, 688, 688, 688, 688, 688, 688, 688, 688, 688, 688, 688, 688, 688, 688, 688, 688, 688, 688, 688, 688, 688, 688, 688, 688, 688, 688, 688, 688, 688, 688, 688, 688, 688, 688, 688, 688, 688, 688, 1427, 1427, 1427, 1427, 1427, 1427, 688, 688, 688, 688, 688, 688, 688, 688, 688, 688, 688, 688, 688, 688, 688,
688, 688, 688, 688, 688, 688, 688, 688, 688, 688, 688, 688, 688, 688, 688, 688, 688, 688, 688, 688, 688, 688, 688, 688, 688, 1427, 1427, 1427, 1427, 1427, 1427, 688, 688, 688, 688, 688, 688, 688, 688, 688, 688, 688, 688, 688, 688, 688, 688, 688, 688, 688, 688, 688, 688, 688, 688, 688, 688, 688, 688, 688, 688, 688, 688, 688, 688, 688, 688, 688, 688, 1427, 1427, 1427, 1427, 1427, 1427, 688, 688, 688, 688, 688, 688, 688, 688, 688, 688, 688, 688, 688, 688, 688,
688, 688, 688, 688, 688, 688, 688, 688, 688, 688, 688, 688, 688, 688, 688, 688, 688, 688, 688, 688, 688, 688, 688, 688, 688, 1427, 1427, 1427, 1427, 1427, 1427, 688, 688, 688, 688, 688, 688, 688, 688, 688, 688, 688, 688, 688, 688, 688, 688, 688, 688, 688, 688, 688, 688, 688, 688, 688, 688, 688, 688, 688, 688, 688, 688, 688, 688, 688, 688, 688, 688, 1427, 1427, 1427, 1427, 1427, 1427, 688, 688, 688, 688, 688, 688, 688, 688, 688, 688, 688, 688, 688, 688, 688,
688, 688, 688, 688, 688, 688, 688, 688, 688, 688, 688, 688, 688, 688, 688, 688, 688, 688, 688, 688, 688, 688, 688, 688, 688, 1427, 1427, 1427, 1427, 1427, 1427, 688, 688, 688, 688, 688, 688, 688, 688, 688, 688, 688, 688, 688, 688, 688, 688, 688, 688, 688, 688, 688, 688, 688, 688, 688, 688, 688, 688, 688, 688, 688, 688, 688, 688, 688, 688, 688, 688, 1427, 1427, 1427, 1427, 1427, 1427, 688, 688, 688, 688, 688, 688, 688, 688, 688, 688, 688, 688, 688, 688, 688,
688, 688, 688, 688, 688, 688, 688, 688, 688, 688, 688, 688, 688, 688, 688, 688, 688, 688, 688, 688, 688, 688, 688, 688, 688, 1427, 1427, 1427, 1427, 1427, 1427, 688, 688, 688, 688, 688, 688, 688, 688, 688, 688, 688, 688, 688, 688, 688, 688, 688, 688, 688, 688, 688, 688, 688, 688, 688, 688, 688, 688, 688, 688, 688, 688, 688, 688, 688, 688, 688, 688, 1427, 1427, 1427, 1427, 1427, 1427, 688, 688, 688, 688, 688, 688, 688, 688, 688, 688, 688, 688, 688, 688, 688,
688, 688, 688, 688, 688, 688, 688, 688, 688, 688, 688, 688, 688, 688, 688, 688, 688, 688, 688, 688, 688, 688, 688, 688, 688, 1427, 1427, 1427, 1427, 1427, 1427, 688, 688, 688, 688, 688, 688, 688, 688, 688, 688, 688, 688, 688, 688, 688, 688, 688, 688, 688, 688, 688, 688, 688, 688, 688, 688, 688, 688, 688, 688, 688, 688, 688, 688, 688, 688, 688, 688, 1427, 1427, 1427, 1427, 1427, 1427, 688, 688, 688, 688, 688, 688, 688, 688, 688, 688, 688, 688, 688, 688, 688,
688, 688, 688, 688, 688, 688, 688, 688, 688, 688, 688, 688, 688, 688, 688, 688, 688, 688, 688, 688, 688, 688, 688, 688, 688, 1427, 1427, 1427, 1427, 1427, 1427, 688, 688, 688, 688, 688, 688, 688, 688, 688, 688, 688, 688, 688, 688, 688, 688, 688, 688, 688, 688, 688, 688, 688, 688, 688, 688, 688, 688, 688, 688, 688, 688, 688, 688, 688, 688, 688, 688, 1427, 1427, 1427, 1427, 1427, 1427, 688, 688, 688, 688, 688, 688, 688, 688, 688, 688, 688, 688, 688, 688, 688,
688, 688, 688, 688, 688, 688, 688, 688, 688, 688, 688, 688, 688, 688, 688, 688, 688, 688, 688, 688, 688, 688, 688, 688, 688, 1427, 1427, 1427, 1427, 1427, 1427, 688, 688, 688, 688, 688, 688, 688, 688, 688, 688, 688, 688, 688, 688, 688, 688, 688, 688, 688, 688, 688, 688, 688, 688, 688, 688, 688, 688, 688, 688, 688, 688, 688, 688, 688, 688, 688, 688, 1427, 1427, 1427, 1427, 1427, 1427, 688, 688, 688, 688, 688, 688, 688, 688, 688, 688, 688, 688, 688, 688, 688,
688, 688, 688, 688, 688, 688, 688, 688, 688, 688, 688, 688, 688, 688, 688, 688, 688, 688, 688, 688, 688, 688, 688, 688, 688, 1427, 1427, 1427, 1427, 1427, 1427, 688, 688, 688, 688, 688, 688, 688, 688, 688, 688, 688, 688, 688, 688, 688, 688, 688, 688, 688, 688, 688, 688, 688, 688, 688, 688, 688, 688, 688, 688, 688, 688, 688, 688, 688, 688, 688, 688, 1427, 1427, 1427, 1427, 1427, 1427, 688, 688, 688, 688, 688, 688, 688, 688, 688, 688, 688, 688, 688, 688, 688,
688, 688, 688, 688, 688, 688, 688, 688, 688, 688, 688, 688, 688, 688, 688, 688, 688, 688, 688, 688, 688, 688, 688, 688, 688, 1427, 1427, 1427, 1427, 1427, 1427, 688, 688, 688, 688, 688, 688, 688, 688, 688, 688, 688, 688, 688, 688, 688, 688, 688, 688, 688, 688, 688, 688, 688, 688, 688, 688, 688, 688, 688, 688, 688, 688, 688, 688, 688, 688, 688, 688, 1427, 1427, 1427, 1427, 1427, 1427, 688, 688, 688, 688, 688, 688, 688, 688, 688, 688, 688, 688, 688, 688, 688,
688, 688, 688, 688, 688, 688, 688, 688, 688, 688, 688, 688, 688, 688, 688, 688, 688, 688, 688, 688, 688, 688, 688, 688, 688, 1427, 1427, 1427, 1427, 1427, 1427, 688, 688, 688, 688, 688, 688, 688, 688, 688, 688, 688, 688, 688, 688, 688, 688, 688, 688, 688, 688, 688, 688, 688, 688, 688, 688, 688, 688, 688, 688, 688, 688, 688, 688, 688, 688, 688, 688, 1427, 1427, 1427, 1427, 1427, 1427, 688, 688, 688, 688, 688, 688, 688, 688, 688, 688, 688, 688, 688, 688, 688,
688, 688, 688, 688, 688, 688, 688, 688, 688, 688, 688, 688, 688, 688, 688, 688, 688, 688, 688, 688, 688, 688, 688, 688, 688, 1427, 1427, 1427, 1427, 1427, 1427, 688, 688, 688, 688, 688, 688, 688, 688, 688, 688, 688, 688, 688, 688, 688, 688, 688, 688, 688, 688, 688, 688, 688, 688, 688, 688, 688, 688, 688, 688, 688, 688, 688, 688, 688, 688, 688, 688, 1427, 1427, 1427, 1427, 1427, 1427, 688, 688, 688, 688, 688, 688, 688, 688, 688, 688, 688, 688, 688, 688, 688,
688, 688, 688, 688, 688, 688, 688, 688, 688, 688, 688, 688, 688, 688, 688, 688, 688, 688, 688, 688, 688, 688, 688, 688, 688, 1427, 1427, 1427, 1427, 1427, 1427, 688, 688, 688, 688, 688, 688, 688, 688, 688, 688, 688, 688, 688, 688, 688, 688, 688, 688, 688, 688, 688, 688, 688, 688, 688, 688, 688, 688, 688, 688, 688, 688, 688, 688, 688, 688, 688, 688, 1427, 1427, 1427, 1427, 1427, 1427, 688, 688, 688, 688, 688, 688, 688, 688, 688, 688, 688, 688, 688, 688, 688,
688, 688, 688, 688, 688, 688, 688, 688, 688, 688, 688, 688, 688, 688, 688, 688, 688, 688, 688, 688, 688, 688, 688, 688, 688, 1427, 1427, 1427, 1427, 1427, 1427, 688, 688, 688, 688, 688, 688, 688, 688, 688, 688, 688, 688, 688, 688, 688, 688, 688, 688, 688, 688, 688, 688, 688, 688, 688, 688, 688, 688, 688, 688, 688, 688, 688, 688, 688, 688, 688, 688, 1427, 1427, 1427, 1427, 1427, 1427, 688, 688, 688, 688, 688, 688, 688, 688, 688, 688, 688, 688, 688, 688, 688,
688, 688, 688, 688, 688, 688, 688, 688, 688, 688, 688, 688, 688, 688, 688, 688, 688, 688, 688, 688, 688, 688, 688, 688, 688, 1427, 1427, 1427, 1427, 1427, 1427, 688, 688, 688, 688, 688, 688, 688, 688, 688, 688, 688, 688, 688, 688, 688, 688, 688, 688, 688, 688, 688, 688, 688, 688, 688, 688, 688, 688, 688, 688, 688, 688, 688, 688, 688, 688, 688, 688, 1427, 1427, 1427, 1427, 1427, 1427, 688, 688, 688, 688, 688, 688, 688, 688, 688, 688, 688, 688, 688, 688, 688,
688, 688, 688, 688, 688, 688, 688, 688, 688, 688, 688, 688, 688, 688, 688, 688, 688, 688, 688, 688, 688, 688, 688, 688, 688, 1427, 1427, 1427, 1427, 1427, 1427, 688, 688, 688, 688, 688, 688, 688, 688, 688, 688, 688, 688, 688, 688, 688, 688, 688, 688, 688, 688, 688, 688, 688, 688, 688, 688, 688, 688, 688, 688, 688, 688, 688, 688, 688, 688, 688, 688, 1427, 1427, 1427, 1427, 1427, 1427, 688, 688, 688, 688, 688, 688, 688, 688, 688, 688, 688, 688, 688, 688, 688,
688, 688, 688, 688, 688, 688, 688, 688, 688, 688, 688, 688, 688, 688, 688, 688, 688, 688, 688, 688, 688, 688, 688, 688, 688, 1427, 1427, 1427, 1427, 1427, 1427, 688, 688, 688, 688, 688, 688, 688, 688, 688, 688, 688, 688, 688, 688, 688, 688, 688, 688, 688, 688, 688, 688, 688, 688, 688, 688, 688, 688, 688, 688, 688, 688, 688, 688, 688, 688, 688, 688, 1427, 1427, 1427, 1427, 1427, 1427, 688, 688, 688, 688, 688, 688, 688, 688, 688, 688, 688, 688, 688, 688, 688,
688, 688, 688, 688, 688, 688, 688, 688, 688, 688, 688, 688, 688, 688, 688, 688, 688, 688, 688, 688, 688, 688, 688, 688, 688, 1427, 1427, 1427, 1427, 1427, 1427, 688, 688, 688, 688, 688, 688, 688, 688, 688, 688, 688, 688, 688, 688, 688, 688, 688, 688, 688, 688, 688, 688, 688, 688, 688, 688, 688, 688, 688, 688, 688, 688, 688, 688, 688, 688, 688, 688, 1427, 1427, 1427, 1427, 1427, 1427, 688, 688, 688, 688, 688, 688, 688, 688, 688, 688, 688, 688, 688, 688, 688,
688, 688, 688, 688, 688, 688, 688, 688, 688, 688, 688, 688, 688, 688, 688, 688, 688, 688, 688, 688, 688, 688, 688, 688, 688, 1427, 1427, 1427, 1427, 1427, 1427, 688, 688, 688, 688, 688, 688, 688, 688, 688, 688, 688, 688, 688, 688, 688, 688, 688, 688, 688, 688, 688, 688, 688, 688, 688, 688, 688, 688, 688, 688, 688, 688, 688, 688, 688, 688, 688, 688, 1427, 1427, 1427, 1427, 1427, 1427, 688, 688, 688, 688, 688, 688, 688, 688, 688, 688, 688, 688, 688, 688, 688,
688, 688, 688, 688, 688, 688, 688, 688, 688, 688, 688, 688, 688, 688, 688, 688, 688, 688, 688, 688, 688, 688, 688, 688, 688, 1427, 1427, 1427, 1427, 1427, 1427, 688, 688, 688, 688, 688, 688, 688, 688, 688, 688, 688, 688, 688, 688, 688, 688, 688, 688, 688, 688, 688, 688, 688, 688, 688, 688, 688, 688, 688, 688, 688, 688, 688, 688, 688, 688, 688, 688, 1427, 1427, 1427, 1427, 1427, 1427, 688, 688, 688, 688, 688, 688, 688, 688, 688, 688, 688, 688, 688, 688, 688,
688, 688, 688, 688, 688, 688, 688, 688, 688, 688, 688, 688, 688, 688, 688, 688, 688, 688, 688, 688, 688, 688, 688, 688, 688, 1427, 1427, 1427, 1427, 1427, 1427, 688, 688, 688, 688, 688, 688, 688, 688, 688, 688, 688, 688, 688, 688, 688, 688, 688, 688, 688, 688, 688, 688, 688, 688, 688, 688, 688, 688, 688, 688, 688, 688, 688, 688, 688, 688, 688, 688, 1427, 1427, 1427, 1427, 1427, 1427, 688, 688, 688, 688, 688, 688, 688, 688, 688, 688, 688, 688, 688, 688, 688,
688, 688, 688, 688, 688, 688, 688, 688, 688, 688, 688, 688, 688, 688, 688, 688, 688, 688, 688, 688, 688, 688, 688, 688, 688, 1427, 1427, 1427, 1427, 1427, 1427, 688, 688, 688, 688, 688, 688, 688, 688, 688, 688, 688, 688, 688, 688, 688, 688, 688, 688, 688, 688, 688, 688, 688, 688, 688, 688, 688, 688, 688, 688, 688, 688, 688, 688, 688, 688, 688, 688, 1427, 1427, 1427, 1427, 1427, 1427, 688, 688, 688, 688, 688, 688, 688, 688, 688, 688, 688, 688, 688, 688, 688,
688, 688, 688, 688, 688, 688, 688, 688, 688, 688, 688, 688, 688, 688, 688, 688, 688, 688, 688, 688, 688, 688, 688, 688, 688, 1427, 1427, 1427, 1427, 1427, 1427, 688, 688, 688, 688, 688, 688, 688, 688, 688, 688, 688, 688, 688, 688, 688, 688, 688, 688, 688, 688, 688, 688, 688, 688, 688, 688, 688, 688, 688, 688, 688, 688, 688, 688, 688, 688, 688, 688, 1427, 1427, 1427, 1427, 1427, 1427, 688, 688, 688, 688, 688, 688, 688, 688, 688, 688, 688, 688, 688, 688, 688,
688, 688, 688, 688, 688, 688, 688, 688, 688, 688, 688, 688, 688, 688, 688, 688, 688, 688, 688, 688, 688, 688, 688, 688, 688, 1427, 1427, 1427, 1427, 1427, 1427, 688, 688, 688, 688, 688, 688, 688, 688, 688, 688, 688, 688, 688, 688, 688, 688, 688, 688, 688, 688, 688, 688, 688, 688, 688, 688, 688, 688, 688, 688, 688, 688, 688, 688, 688, 688, 688, 688, 1427, 1427, 1427, 1427, 1427, 1427, 688, 688, 688, 688, 688, 688, 688, 688, 688, 688, 688, 688, 688, 688, 688,
688, 688, 688, 688, 688, 688, 688, 688, 688, 688, 688, 688, 688, 688, 688, 688, 688, 688, 688, 688, 688, 688, 688, 688, 688, 1427, 1427, 1427, 1427, 1427, 1427, 688, 688, 688, 688, 688, 688, 688, 688, 688, 688, 688, 688, 688, 688, 688, 688, 688, 688, 688, 688, 688, 688, 688, 688, 688, 688, 688, 688, 688, 688, 688, 688, 688, 688, 688, 688, 688, 688, 1427, 1427, 1427, 1427, 1427, 1427, 688, 688, 688, 688, 688, 688, 688, 688, 688, 688, 688, 688, 688, 688, 688,
688, 688, 688, 688, 688, 688, 688, 688, 688, 688, 688, 688, 688, 688, 688, 688, 688, 688, 688, 688, 688, 688, 688, 688, 688, 1427, 1427, 1427, 1427, 1427, 1427, 688, 688, 688, 688, 688, 688, 688, 688, 688, 688, 688, 688, 688, 688, 688, 688, 688, 688, 688, 688, 688, 688, 688, 688, 688, 688, 688, 688, 688, 688, 688, 688, 688, 688, 688, 688, 688, 688, 1427, 1427, 1427, 1427, 1427, 1427, 688, 688, 688, 688, 688, 688, 688, 688, 688, 688, 688, 688, 688, 688, 688,
688, 688, 688, 688, 688, 688, 688, 688, 688, 688, 688, 688, 688, 688, 688, 688, 688, 688, 688, 688, 688, 688, 688, 688, 688, 1427, 1427, 1427, 1427, 1427, 1427, 688, 688, 688, 688, 688, 688, 688, 688, 688, 688, 688, 688, 688, 688, 688, 688, 688, 688, 688, 688, 688, 688, 688, 688, 688, 688, 688, 688, 688, 688, 688, 688, 688, 688, 688, 688, 688, 688, 1427, 1427, 1427, 1427, 1427, 1427, 688, 688, 688, 688, 688, 688, 688, 688, 688, 688, 688, 688, 688, 688, 688,
688, 688, 688, 688, 688, 688, 688, 688, 688, 688, 688, 688, 688, 688, 688, 688, 688, 688, 688, 688, 688, 688, 688, 688, 688, 1427, 1427, 1427, 1427, 1427, 1427, 688, 688, 688, 688, 688, 688, 688, 688, 688, 688, 688, 688, 688, 688, 688, 688, 688, 688, 688, 688, 688, 688, 688, 688, 688, 688, 688, 688, 688, 688, 688, 688, 688, 688, 688, 688, 688, 688, 1427, 1427, 1427, 1427, 1427, 1427, 688, 688, 688, 688, 688, 688, 688, 688, 688, 688, 688, 688, 688, 688, 688,
688, 688, 688, 688, 688, 688, 688, 688, 688, 688, 688, 688, 688, 688, 688, 688, 688, 688, 688, 688, 688, 688, 688, 688, 688, 1427, 1427, 1427, 1427, 1427, 1427, 688, 688, 688, 688, 688, 688, 688, 688, 688, 688, 688, 688, 688, 688, 688, 688, 688, 688, 688, 688, 688, 688, 688, 688, 688, 688, 688, 688, 688, 688, 688, 688, 688, 688, 688, 688, 688, 688, 1427, 1427, 1427, 1427, 1427, 1427, 688, 688, 688, 688, 688, 688, 688, 688, 688, 688, 688, 688, 688, 688, 688,
688, 688, 688, 688, 688, 688, 688, 688, 688, 688, 688, 688, 688, 688, 688, 688, 688, 688, 688, 688, 688, 688, 688, 688, 688, 1427, 1427, 1427, 1427, 1427, 1427, 688, 688, 688, 688, 688, 688, 688, 688, 688, 688, 688, 688, 688, 688, 688, 688, 688, 688, 688, 688, 688, 688, 688, 688, 688, 688, 688, 688, 688, 688, 688, 688, 688, 688, 688, 688, 688, 688, 1427, 1427, 1427, 1427, 1427, 1427, 688, 688, 688, 688, 688, 688, 688, 688, 688, 688, 688, 688, 688, 688, 688,
688, 688, 688, 688, 688, 688, 688, 688, 688, 688, 688, 688, 688, 688, 688, 688, 688, 688, 688, 688, 688, 688, 688, 688, 688, 1427, 1427, 1427, 1427, 1427, 1427, 688, 688, 688, 688, 688, 688, 688, 688, 688, 688, 688, 688, 688, 688, 688, 688, 688, 688, 688, 688, 688, 688, 688, 688, 688, 688, 688, 688, 688, 688, 688, 688, 688, 688, 688, 688, 688, 688, 1427, 1427, 1427, 1427, 1427, 1427, 688, 688, 688, 688, 688, 688, 688, 688, 688, 688, 688, 688, 688, 688, 688,
688, 688, 688, 688, 688, 688, 688, 688, 688, 688, 688, 688, 688, 688, 688, 688, 688, 688, 688, 688, 688, 688, 688, 688, 688, 1427, 1427, 1427, 1427, 1427, 1427, 688, 688, 688, 688, 688, 688, 688, 688, 688, 688, 688, 688, 688, 688, 688, 688, 688, 688, 688, 688, 688, 688, 688, 688, 688, 688, 688, 688, 688, 688, 688, 688, 688, 688, 688, 688, 688, 688, 1427, 1427, 1427, 1427, 1427, 1427, 688, 688, 688, 688, 688, 688, 688, 688, 688, 688, 688, 688, 688, 688, 688,
688, 688, 688, 688, 688, 688, 688, 688, 688, 688, 688, 688, 688, 688, 688, 688, 688, 688, 688, 688, 688, 688, 688, 688, 688, 1427, 1427, 1427, 1427, 1427, 1427, 688, 688, 688, 688, 688, 688, 688, 688, 688, 688, 688, 688, 688, 688, 688, 688, 688, 688, 688, 688, 688, 688, 688, 688, 688, 688, 688, 688, 688, 688, 688, 688, 688, 688, 688, 688, 688, 688, 1427, 1427, 1427, 1427, 1427, 1427, 688, 688, 688, 688, 688, 688, 688, 688, 688, 688, 688, 688, 688, 688, 688,
688, 688, 688, 688, 688, 688, 688, 688, 688, 688, 688, 688, 688, 688, 688, 688, 688, 688, 688, 688, 688, 688, 688, 688, 688, 1427, 1427, 1427, 1427, 1427, 1427, 688, 688, 688, 688, 688, 688, 688, 688, 688, 688, 688, 688, 688, 688, 688, 688, 688, 688, 688, 688, 688, 688, 688, 688, 688, 688, 688, 688, 688, 688, 688, 688, 688, 688, 688, 688, 688, 688, 1427, 1427, 1427, 1427, 1427, 1427, 688, 688, 688, 688, 688, 688, 688, 688, 688, 688, 688, 688, 688, 688, 688,
688, 688, 688, 688, 688, 688, 688, 688, 688, 688, 688, 688, 688, 688, 688, 688, 688, 688, 688, 688, 688, 688, 688, 688, 688, 1427, 1427, 1427, 1427, 1427, 1427, 688, 688, 688, 688, 688, 688, 688, 688, 688, 688, 688, 688, 688, 688, 688, 688, 688, 688, 688, 688, 688, 688, 688, 688, 688, 688, 688, 688, 688, 688, 688, 688, 688, 688, 688, 688, 688, 688, 1427, 1427, 1427, 1427, 1427, 1427, 688, 688, 688, 688, 688, 688, 688, 688, 688, 688, 688, 688, 688, 688, 688,
688, 688, 688, 688, 688, 688, 688, 688, 688, 688, 688, 688, 688, 688, 688, 688, 688, 688, 688, 688, 688, 688, 688, 688, 688, 1427, 1427, 1427, 1427, 1427, 1427, 688, 688, 688, 688, 688, 688, 688, 688, 688, 688, 688, 688, 688, 688, 688, 688, 688, 688, 688, 688, 688, 688, 688, 688, 688, 688, 688, 688, 688, 688, 688, 688, 688, 688, 688, 688, 688, 688, 1427, 1427, 1427, 1427, 1427, 1427, 688, 688, 688, 688, 688, 688, 688, 688, 688, 688, 688, 688, 688, 688, 688,
688, 688, 688, 688, 688, 688, 688, 688, 688, 688, 688, 688, 688, 688, 688, 688, 688, 688, 688, 688, 688, 688, 688, 688, 688, 1427, 1427, 1427, 1427, 1427, 1427, 688, 688, 688, 688, 688, 688, 688, 688, 688, 688, 688, 688, 688, 688, 688, 688, 688, 688, 688, 688, 688, 688, 688, 688, 688, 688, 688, 688, 688, 688, 688, 688, 688, 688, 688, 688, 688, 688, 1427, 1427, 1427, 1427, 1427, 1427, 688, 688, 688, 688, 688, 688, 688, 688, 688, 688, 688, 688, 688, 688, 688,
688, 688, 688, 688, 688, 688, 688, 688, 688, 688, 688, 688, 688, 688, 688, 688, 688, 688, 688, 688, 688, 688, 688, 688, 688, 1427, 1427, 1427, 1427, 1427, 1427, 688, 688, 688, 688, 688, 688, 688, 688, 688, 688, 688, 688, 688, 688, 688, 688, 688, 688, 688, 688, 688, 688, 688, 688, 688, 688, 688, 688, 688, 688, 688, 688, 688, 688, 688, 688, 688, 688, 1427, 1427, 1427, 1427, 1427, 1427, 688, 688, 688, 688, 688, 688, 688, 688, 688, 688, 688, 688, 688, 688, 688,
688, 688, 688, 688, 688, 688, 688, 688, 688, 688, 688, 688, 688, 688, 688, 688, 688, 688, 688, 688, 688, 688, 688, 688, 688, 1427, 1427, 1427, 1427, 1427, 1427, 688, 688, 688, 688, 688, 688, 688, 688, 688, 688, 688, 688, 688, 688, 688, 688, 688, 688, 688, 688, 688, 688, 688, 688, 688, 688, 688, 688, 688, 688, 688, 688, 688, 688, 688, 688, 688, 688, 1427, 1427, 1427, 1427, 1427, 1427, 688, 688, 688, 688, 688, 688, 688, 688, 688, 688, 688, 688, 688, 688, 688,
688, 688, 688, 688, 688, 688, 688, 688, 688, 688, 688, 688, 688, 688, 688, 688, 688, 688, 688, 688, 688, 688, 688, 688, 688, 1427, 1427, 1427, 1427, 1427, 1427, 688, 688, 688, 688, 688, 688, 688, 688, 688, 688, 688, 688, 688, 688, 688, 688, 688, 688, 688, 688, 688, 688, 688, 688, 688, 688, 688, 688, 688, 688, 688, 688, 688, 688, 688, 688, 688, 688, 1427, 1427, 1427, 1427, 1427, 1427, 688, 688, 688, 688, 688, 688, 688, 688, 688, 688, 688, 688, 688, 688, 688,
688, 688, 688, 688, 688, 688, 688, 688, 688, 688, 688, 688, 688, 688, 688, 688, 688, 688, 688, 688, 688, 688, 688, 688, 688, 1427, 1427, 1427, 1427, 1427, 1427, 688, 688, 688, 688, 688, 688, 688, 688, 688, 688, 688, 688, 688, 688, 688, 688, 688, 688, 688, 688, 688, 688, 688, 688, 688, 688, 688, 688, 688, 688, 688, 688, 688, 688, 688, 688, 688, 688, 1427, 1427, 1427, 1427, 1427, 1427, 688, 688, 688, 688, 688, 688, 688, 688, 688, 688, 688, 688, 688, 688, 688,
688, 688, 688, 688, 688, 688, 688, 688, 688, 688, 688, 688, 688, 688, 688, 688, 688, 688, 688, 688, 688, 688, 688, 688, 688, 1427, 1427, 1427, 1427, 1427, 1427, 688, 688, 688, 688, 688, 688, 688, 688, 688, 688, 688, 688, 688, 688, 688, 688, 688, 688, 688, 688, 688, 688, 688, 688, 688, 688, 688, 688, 688, 688, 688, 688, 688, 688, 688, 688, 688, 688, 1427, 1427, 1427, 1427, 1427, 1427, 688, 688, 688, 688, 688, 688, 688, 688, 688, 688, 688, 688, 688, 688, 688,
688, 688, 688, 688, 688, 688, 688, 688, 688, 688, 688, 688, 688, 688, 688, 688, 688, 688, 688, 688, 688, 688, 688, 688, 688, 1427, 1427, 1427, 1427, 1427, 1427, 688, 688, 688, 688, 688, 688, 688, 688, 688, 688, 688, 688, 688, 688, 688, 688, 688, 688, 688, 688, 688, 688, 688, 688, 688, 688, 688, 688, 688, 688, 688, 688, 688, 688, 688, 688, 688, 688, 1427, 1427, 1427, 1427, 1427, 1427, 688, 688, 688, 688, 688, 688, 688, 688, 688, 688, 688, 688, 688, 688, 688,
688, 688, 688, 688, 688, 688, 688, 688, 688, 688, 688, 688, 688, 688, 688, 688, 688, 688, 688, 688, 688, 688, 688, 688, 688, 1427, 1427, 1427, 1427, 1427, 1427, 688, 688, 688, 688, 688, 688, 688, 688, 688, 688, 688, 688, 688, 688, 688, 688, 688, 688, 688, 688, 688, 688, 688, 688, 688, 688, 688, 688, 688, 688, 688, 688, 688, 688, 688, 688, 688, 688, 1427, 1427, 1427, 1427, 1427, 1427, 688, 688, 688, 688, 688, 688, 688, 688, 688, 688, 688, 688, 688, 688, 688,
688, 688, 688, 688, 688, 688, 688, 688, 688, 688, 688, 688, 688, 688, 688, 688, 688, 688, 688, 688, 688, 688, 688, 688, 688, 1427, 1427, 1427, 1427, 1427, 1427, 688, 688, 688, 688, 688, 688, 688, 688, 688, 688, 688, 688, 688, 688, 688, 688, 688, 688, 688, 688, 688, 688, 688, 688, 688, 688, 688, 688, 688, 688, 688, 688, 688, 688, 688, 688, 688, 688, 1427, 1427, 1427, 1427, 1427, 1427, 688, 688, 688, 688, 688, 688, 688, 688, 688, 688, 688, 688, 688, 688, 688,
688, 688, 688, 688, 688, 688, 688, 688, 688, 688, 688, 688, 688, 688, 688, 688, 688, 688, 688, 688, 688, 688, 688, 688, 688, 1427, 1427, 1427, 1427, 1427, 1427, 688, 688, 688, 688, 688, 688, 688, 688, 688, 688, 688, 688, 688, 688, 688, 688, 688, 688, 688, 688, 688, 688, 688, 688, 688, 688, 688, 688, 688, 688, 688, 688, 688, 688, 688, 688, 688, 688, 1427, 1427, 1427, 1427, 1427, 1427, 688, 688, 688, 688, 688, 688, 688, 688, 688, 688, 688, 688, 688, 688, 688,
688, 688, 688, 688, 688, 688, 688, 688, 688, 688, 688, 688, 688, 688, 688, 688, 688, 688, 688, 688, 688, 688, 688, 688, 688, 1427, 1427, 1427, 1427, 1427, 1427, 688, 688, 688, 688, 688, 688, 688, 688, 688, 688, 688, 688, 688, 688, 688, 688, 688, 688, 688, 688, 688, 688, 688, 688, 688, 688, 688, 688, 688, 688, 688, 688, 688, 688, 688, 688, 688, 688, 1427, 1427, 1427, 1427, 1427, 1427, 688, 688, 688, 688, 688, 688, 688, 688, 688, 688, 688, 688, 688, 688, 688,